212
50
52
57
55
55
52
52
52
50
51
52
49
54
54
55
55
52
51
50
52
51
52
55
48
51
49
49
52
53
49
50
51
48
54
52
50
65
52
56
50
119
46
79
67
74
52
79
64
73
61
73
63
80
72
54
74
55
59
67
60
65
72
77
73
78
64
76
78
64
69
78
69
62
81
72
82
70
75
73
72
75
75
66
72
78
65
78
81
54
57
51
51
58
72
69
75
62
62
72
72
64
73
74
78
78
75
70
68
67
66
70
63
66
65
74
72
66
71
66
77
70
75
62
70
78
65
72
80
72
68
72
79
74
73
77
78
60
75
55
52
75
56
61
75
63
70
72
73
66
75
53
50
63
67
70
52
56
52
50
50
52
55
51
50
50
49
51
50
52
52
58
54
54
52
48
54
53
59
71
66
71
70
61
60
72
68
68
68
76
59
73
53
52
52
54
52
53
67
67
62
78
67
60
62
68
58
63
73
74
67
74
67
70
71
77
64
49
67
75
72
59
70
78
73
75
78
66
76
67
56
68
68
77
80
75
80
58
67
75
76
81
70
65
64
65
70
59
69
66
65
52
73
70
74
77
72
68
68
61
73
65
62
68
62
67
65
69
78
73
73
74
80
76
75
62
71
56
54
73
69
65
72
65
73
74
72
73
75
63
72
65
65
58
65
82
83
59
73
77
77
58
60
70
71
67
69
63
77
66
72
75
76
73
75
71
81
65
69
56
75
72
66
80
70
75
78
72
74
52
78
47
56
58
52
52
49
53
51
53
49
58
54
53
52
57
62
65
57
79
74
75
69
74
74
75
71
69
66
72
71
73
74
73
64
66
68
74
72
67
73
67
71
69
76
67
75
70
62
77
69
52
65
65
77
66
76
63
76
65
64
71
72
67
59
69
66
72
72
57
75
86
78
60
65
70
74
70
59
72
73
78
72
78
73
66
61
66
59
64
57
67
62
61
60
63
62
64
70
64
60
83
61
65
68
75
72
67
64
78
69
66
70
71
72
75
58
69
77
60
64
77
69
59
69
73
73
64
74
69
68
75
55
67
66
71
70
69
60
57
68
58
53
56
52
54
54
63
71
69
52
56
62
75
64
74
70
78
71
73
71
75
57
67
76
73
78
70
73
67
70
76
78
79
68
69
73
55
64
69
66
66
66
66
59
78
74
66
74
59
73
82
69
68
63
73
75
71
72
78
69
68
71
70
75
68
69
79
58
70
74
75
74
69
68
71
70
72
70
73
67
71
72
69
73
78
73
52
72
73
65
75
61
78
69
81
72
74
69
62
74
76
70
76
64
73
71
73
52
75
72
74
71
59
68
58
74
74
73
79
66
72
60
72
66
70
63
74
68
65
64
61
69
73
63
74
73
78
63
62
55
63
74
74
72
74
80
64
70
74
70
69
63
61
65
70
74
73
75
66
73
73
78
76
64
64
56
51
72
76
66
71
67
71
77
73
78
65
59
73
54
73
78
74
73
60
71
74
51
79
78
72
76
73
75
62
72
72
63
63
54
63
77
75
69
76
72
74
64
76
62
70
57
68
63
73
67
73
75
74
68
72
61
72
65
78
81
77
71
78
82
67
71
65
75
65
70
65
78
54
55
82
76
66
55
52
70
78
78
61
74
69
86
54
51
72
66
66
75
62
75
58
78
64
74
83
77
73
73
75
55
72
69
73
75
78
69
73
77
63
77
73
65
65
69
72
64
77
74
83
74
64
69
75
63
69
67
75
57
72
74
73
76
68
69
60
59
84
75
75
60
57
74
68
72
81
64
83
70
64
51
64
73
60
75
75
64
66
78
58
79
63
60
63
72
81
67
73
84
76
76
78
74
74
64
78
77
79
57
76
76
72
52
50
53
49
72
73
72
66
64
76
65
78
52
57
74
73
68
80
66
56
59
74
74
61
84
75
72
53
53
49
66
54
74
58
81
76
67
70
74
52
86
61
68
74
72
68
58
73
72
66
75
63
78
71
71
62
74
73
76
62
64
72
64
64
79
78
74
51
53
65
65
78
74
50
55
52
49
53
67
65
70
78
72
78
76
79
64
57
59
75
75
79
75
73
75
56
61
67
72
66
74
54
70
72
64
68
51
82
60
69
60
52
55
60
59
59
63
61
63
59
60
68
66
59
60
66
71
55
64
71
77
67
66
46
60
71
70
49
67
58
66
61
69
65
63
66
58
60
70
62
66
74
64
70
67
72
74
72
49
67
64
64
61
68
61
65
65
67
58
63
66
64
66
63
73
70
70
66

