 
7.56
8.24
8.08
7.68
7.94
7.65
7.92
8.14
7.57
7.47
7.89
7.93
8.22
7.63
7.72
7.42
17.12
7.68
7.70
8.04
7.60
7.67
7.71
7.73
7.63
7.68
7.89
7.88
7.22
7.25
7.23
7.25
7.25
7.46
7.64
7.55
7.95
7.66
8.02
7.72
8.22
8.06
7.55
7.65
7.53
7.68
8.02
7.63
8.19
7.69
7.66
7.58
7.52
7.61
8.08
8.36
8.41
7.54
7.89
7.68
7.65
7.57
7.72
7.52
7.60
7.57
7.58
7.89
8.13
7.60
7.67
7.77
7.53
7.85
7.25
7.76
7.17
7.30
7.71
7.25
7.60
7.33
7.71
8.05
7.22
7.49
7.73
7.18
7.23
7.29
7.22
7.29
7.30
7.25
7.26
7.20
7.19
7.25
7.31
8.29
