 
10.27
10.44
10.93
9.05
12.89
8.07
8.72
9.59
9.22
8.11
10.68
12.10
8.70
8.58
7.88
9.12
9.79
13.22
8.90
8.26
8.16
8.07
10.07
9.74
13.80
11.38
8.24
11.99
12.22
8.07
10.00
8.07
8.00
10.18
8.16
10.93
8.29
11.38
11.41
12.35
11.62
8.61
11.59
9.35
8.43
9.71
8.16
8.02
10.61
8.94
11.12
8.29
7.71
8.10
8.76
7.44
7.93
8.06
11.89
8.15
8.25
8.06
7.66
9.16
7.79
7.38
7.51
7.46
10.19
9.41
12.92
9.67
11.22
8.10
9.50
9.27
7.42
8.97
10.22
7.40
7.66
8.28
7.86
8.10
10.14
8.20
10.04
7.67
10.84
9.36
11.50
9.86
7.60
7.86
9.94
7.83
7.88
8.51
7.45
7.39
