 
8.39
8.41
8.24
7.71
7.78
7.77
7.57
7.76
7.55
7.65
7.64
7.64
7.37
7.47
7.74
7.80
7.49
7.73
7.66
7.79
7.71
7.67
7.63
7.59
7.72
7.73
7.49
7.74
7.71
7.73
7.65
7.64
7.54
7.65
7.77
7.39
7.65
7.76
7.73
7.74
7.58
7.79
7.86
8.48
8.44
8.32
8.45
8.39
7.50
7.69
7.73
7.76
7.63
7.69
7.72
7.67
7.70
7.19
7.17
7.08
7.13
7.08
7.14
6.81
7.10
6.99
7.14
7.11
6.97
7.11
7.20
7.10
7.12
6.97
7.11
6.92
6.99
7.03
7.12
7.11
7.69
7.73
7.68
7.44
7.70
6.97
7.01
7.02
7.13
7.17
7.12
7.13
7.08
7.12
7.12
7.04
7.13
7.13
7.11
7.17
